level1:
cluster1:[0.0,1.0,-1.0]
cluster2:[1.0,2.0,0.0]
cluster3:[2.0,2.0,0.0]
cluster4:[1.0,3.0,4.0]
cluster5:[1.0,3.0,5.0]

level2:
cluster1:[0.0,1.0,-1.0]
cluster2:[1.0,3.0,4.0]
cluster3:[1.0,3.0,5.0]
cluster4:[2.0,2.0,0.0][1.0,2.0,0.0]

level3:
cluster1:[0.0,1.0,-1.0]
cluster2:[1.0,3.0,5.0][1.0,3.0,4.0]
cluster3:[2.0,2.0,0.0][1.0,2.0,0.0]

level4:
cluster1:[1.0,3.0,5.0][1.0,3.0,4.0]
cluster2:[2.0,2.0,0.0][1.0,2.0,0.0][0.0,1.0,-1.0]

level5:
cluster1:[2.0,2.0,0.0][1.0,3.0,5.0][1.0,2.0,0.0][0.0,1.0,-1.0][1.0,3.0,4.0]

